15   a   c   g   t   A   C   G   T   M   R   W   S   Y  K  N
a    10
c   -30   10
g   -30  -30   10
t   -30  -30  -30  10
A    15  -30  -30 -30   20
C   -30   15  -30 -30  -30   20
G   -30  -30   15 -30  -30  -30   20
T   -30  -30  -30  15  -30  -30  -30   20
M    5    5   -30 -30   10   10  -30  -30   10
R    5   -30   5  -30   10  -30   10  -30  -30   10
W    5   -30  -30   5   10  -30  -30   10  -30  -30   10
S   -30   5    5  -30  -30   10   10  -30  -30  -30  -30   10
Y   -30   5   -30   5  -30   10  -30   10  -30  -30  -30  -30   10
K   -30  -30   5    5  -30  -30   10   10  -30  -30  -30  -30  -30   10
N   -30  -30  -30  -30 -30  -30  -30  -30  -30  -30  -30  -30  -30  -30   10

